100307
101309
102008
102311
103111
103414
103818
105014
107422
108828
109123
110411
111716
113619
113821
113922
114419
115320
116524
118528
118932
120212
121618
123420
124220
124826
127630
128127
129533
130013
132118
133827
136833
137027
137128
137936
138231
140117
140824
142424
142828
143325
144832
145531
146331
146432
148941
150423
150726
151627
153833
154734
154936
155635
156637
158035
159138
161630
161731
162733
163331
164131
165032
167743
168341
169343
169444
170934
172130
172938
173536
175035
177645
178950
179346
180129
180836
180937
181232
183034
185139
186141
187143
187547
188347
189349
191033
191437
191841
192540
192843
194140
194847
195849
197348
198855
199150
199251
199453
200614
201414
201818
203418
205119
211316
212419
214423
214726
249947
250932
255639
256540
268850
280739
285345
298051
303624
307127
308331
316633
329440
334635
355239
365343
366446
380036
386250
395958
414229
422632
433839
436239
441939
479762
480141
485757
540436
565452
567052
571548
592455
594156
598568
601127
613538
620434
622236
638049
672756
683256
685058
690152
725751
729254
729557
732243
742549
748258
748662
756055
770352
771354
779370
816653
826353
826454
833148
837560
837964
856766
857263
859671
861456
865363
872158
877269
887373
889579
896778
898176
901038
901442
912447
930449
937160
965771
983773
987983
992774
994273
